{
 "cells": [
  {
   "cell_type": "markdown",
   "metadata": {},
   "source": [
    "## HW5"
   ]
  },
  {
   "cell_type": "markdown",
   "metadata": {},
   "source": [
    "### 1. Найдите посредством NumPy SVD для матрицы:"
   ]
  },
  {
   "cell_type": "code",
   "execution_count": 1,
   "metadata": {},
   "outputs": [],
   "source": [
    "import numpy as np"
   ]
  },
  {
   "cell_type": "code",
   "execution_count": 2,
   "metadata": {},
   "outputs": [],
   "source": [
    "A = np.array([[1, 2, 0], [0, 0, 5], [3, -4, 2], [1, 6, 5], [0, 1, 0]])"
   ]
  },
  {
   "cell_type": "code",
   "execution_count": 3,
   "metadata": {},
   "outputs": [
    {
     "name": "stdout",
     "output_type": "stream",
     "text": [
      "[[ 1  2  0]\n",
      " [ 0  0  5]\n",
      " [ 3 -4  2]\n",
      " [ 1  6  5]\n",
      " [ 0  1  0]]\n"
     ]
    }
   ],
   "source": [
    "print(A)"
   ]
  },
  {
   "cell_type": "code",
   "execution_count": 4,
   "metadata": {},
   "outputs": [
    {
     "data": {
      "text/plain": [
       "array([[ 0.17056501,  0.15680918, -0.53077508, -0.79905375, -0.16158397],\n",
       "       [ 0.39287016, -0.52933945,  0.6134793 , -0.43375771,  0.03082495],\n",
       "       [-0.14366152, -0.82449256, -0.52379105,  0.14049848,  0.07400343],\n",
       "       [ 0.88843702,  0.06074346, -0.24655277,  0.37755832, -0.06042632],\n",
       "       [ 0.08125046,  0.10831843, -0.08231425, -0.10524851,  0.98173958]])"
      ]
     },
     "execution_count": 4,
     "metadata": {},
     "output_type": "execute_result"
    }
   ],
   "source": [
    "U, D, V = np.linalg.svd(A)\n",
    "U"
   ]
  },
  {
   "cell_type": "code",
   "execution_count": 5,
   "metadata": {},
   "outputs": [
    {
     "data": {
      "text/plain": [
       "array([8.82486885, 6.14060608, 2.53271528])"
      ]
     },
     "execution_count": 5,
     "metadata": {},
     "output_type": "execute_result"
    }
   ],
   "source": [
    "D"
   ]
  },
  {
   "cell_type": "code",
   "execution_count": 6,
   "metadata": {},
   "outputs": [
    {
     "data": {
      "text/plain": [
       "array([[ 0.07116451,  0.71702467,  0.69340553],\n",
       "       [-0.36737824,  0.66514082, -0.65009301],\n",
       "       [-0.92734505, -0.20847855,  0.31075368]])"
      ]
     },
     "execution_count": 6,
     "metadata": {},
     "output_type": "execute_result"
    }
   ],
   "source": [
    "V"
   ]
  },
  {
   "cell_type": "code",
   "execution_count": 7,
   "metadata": {},
   "outputs": [
    {
     "data": {
      "text/plain": [
       "array([[ 0.07116451, -0.36737824, -0.92734505],\n",
       "       [ 0.71702467,  0.66514082, -0.20847855],\n",
       "       [ 0.69340553, -0.65009301,  0.31075368]])"
      ]
     },
     "execution_count": 7,
     "metadata": {},
     "output_type": "execute_result"
    }
   ],
   "source": [
    "V = V.T\n",
    "V"
   ]
  },
  {
   "cell_type": "markdown",
   "metadata": {},
   "source": [
    "### 2. Для матрицы из предыдущего задания найдите:\n",
    "\n",
    "а) евклидову норму;\n",
    "\n",
    "б) норму Фробениуса."
   ]
  },
  {
   "cell_type": "markdown",
   "metadata": {},
   "source": [
    "### Норма Евклида"
   ]
  },
  {
   "cell_type": "code",
   "execution_count": 11,
   "metadata": {},
   "outputs": [
    {
     "data": {
      "text/plain": [
       "8.824868854820444"
      ]
     },
     "execution_count": 11,
     "metadata": {},
     "output_type": "execute_result"
    }
   ],
   "source": [
    "D[0]\n",
    "np.linalg.norm(A, ord=2)"
   ]
  },
  {
   "cell_type": "markdown",
   "metadata": {},
   "source": [
    "### Норма Фробениуса"
   ]
  },
  {
   "cell_type": "code",
   "execution_count": 9,
   "metadata": {},
   "outputs": [
    {
     "data": {
      "text/plain": [
       "11.045361017187261"
      ]
     },
     "execution_count": 9,
     "metadata": {},
     "output_type": "execute_result"
    }
   ],
   "source": [
    "np.sqrt(np.sum(A**2))\n",
    "np.sqrt(np.sum(D**2))\n",
    "np.linalg.norm(A)"
   ]
  },
  {
   "cell_type": "code",
   "execution_count": null,
   "metadata": {},
   "outputs": [],
   "source": []
  }
 ],
 "metadata": {
  "kernelspec": {
   "display_name": "Python 3",
   "language": "python",
   "name": "python3"
  },
  "language_info": {
   "codemirror_mode": {
    "name": "ipython",
    "version": 3
   },
   "file_extension": ".py",
   "mimetype": "text/x-python",
   "name": "python",
   "nbconvert_exporter": "python",
   "pygments_lexer": "ipython3",
   "version": "3.8.5"
  }
 },
 "nbformat": 4,
 "nbformat_minor": 4
}
